     LATITUDE  LONGITUDE    X_KM    Y_KM  VALUES
     57.1260   340.5600   -1200   -3400    7.38
     57.7026   343.6105   -1000   -3400    7.22
     58.1813   346.7595    -800   -3400    4.95
     58.5581   349.9920    -600   -3400    4.60
     58.8298   353.2902    -400   -3400    4.27
     59.0487     0.0000       0   -3400    4.77
     58.9938     3.3665     200   -3400    4.66
     58.5581    10.0080     600   -3400    4.46
     58.1813   336.3706   -1400   -3200    7.61
     58.8844   339.4440   -1200   -3200    7.43
     59.4906   342.6460   -1000   -3200    7.25
     59.9949   345.9638    -800   -3200    5.05
     60.3924   349.3803    -600   -3200    4.66
     60.6794   352.8750    -400   -3200    4.30
     60.8528   356.4237    -200   -3200    3.98
     60.9108     0.0000       0   -3200    4.79
     60.8528     3.5763     200   -3200    4.67
     59.0487   331.9275   -1600   -3000    7.55
     59.8821   334.9831   -1400   -3000    7.70
     60.6218   338.1986   -1200   -3000    7.49
     61.2612   341.5651   -1000   -3000    7.28
     61.7941   345.0686    -800   -3000    7.09
     62.2151   348.6901    -600   -3000    4.74
     62.5194   352.4054    -400   -3000    4.34
     62.7035   356.1859    -200   -3000    3.99
     62.7652     0.0000       0   -3000    4.81
     62.7035     3.8141     200   -3000    4.69
     59.7138   327.2648   -1800   -2800    7.59
     60.6794   330.2551   -1600   -2800    7.39
     61.5561   333.4349   -1400   -2800    7.46
     62.3365   336.8014   -1200   -2800    7.58
     63.0130   340.3462   -1000   -2800    7.34
     63.5783   344.0546    -800   -2800    7.11
     64.0260   347.9052    -600   -2800    4.84
     64.3502   351.8699    -400   -2800    4.39
     64.5465   355.9144    -200   -2800    4.00
     64.6123     0.0000       0   -2800    4.85
     64.5465     4.0856     200   -2800    4.72
     64.3502     8.1301     400   -2800    4.59
     60.1647   322.4314   -2000   -2600    7.96
     61.2612   325.3048   -1800   -2600    7.78
     62.2757   328.3925   -1600   -2600    7.57
     63.2002   331.6992   -1400   -2600    7.33
     64.0260   335.2249   -1200   -2600    7.34
     65.8246   347.0054    -600   -2600    4.96
     66.1716   351.2538    -400   -2600    4.45
     66.3821   355.6013    -200   -2600    4.02
     66.4527     0.0000       0   -2600    4.89
     66.3821     4.3987     200   -2600    4.75
     66.1716     8.7462     400   -2600    4.36
     60.3924   317.4896   -2200   -2400    8.31
     61.6154   320.1944   -2000   -2400    8.17
     62.7652   323.1301   -1800   -2400    8.00
     63.8333   326.3099   -1600   -2400    7.80
     64.8105   329.7436   -1400   -2400    7.55
     65.6871   333.4349   -1200   -2400    7.24
     67.0970   341.5651    -800   -2400    7.19
     67.6102   345.9638    -600   -2400    6.87
     67.9838   350.5377    -400   -2400    4.53
     68.2108   355.2364    -200   -2400    4.04
     68.2870     0.0000       0   -2400    4.95
     68.2108     4.7636     200   -2400    4.80
     67.9838     9.4623     400   -2400    4.42
     67.6102    14.0362     600   -2400    6.13
     64.2200   320.7106   -1800   -2200    8.26
     65.3465   323.9726   -1600   -2200    8.07
     66.3821   327.5288   -1400   -2200    7.82
     67.3156   331.3895   -1200   -2200    7.51
     68.1349   335.5560   -1000   -2200    7.42
     68.8275   340.0169    -800   -2200    7.27
     69.3816   344.7449    -600   -2200    6.87
     69.7863   349.6952    -400   -2200    4.62
     70.0328   354.8056    -200   -2200    4.08
     70.1156     0.0000       0   -2200    5.04
     70.0328     5.1944     200   -2200    4.88
     69.7863    10.3048     400   -2200    6.31
     69.3816    15.2551     600   -2200    6.78
     71.1369   343.3008    -600   -2000    6.88
     71.5785   348.6901    -400   -2000    6.43
     71.8484   354.2894    -200   -2000    4.15
     71.9392     0.0000       0   -2000    5.19
     71.8484     5.7106     200   -2000    4.80
     71.5785    11.3099     400   -2000    6.14
     71.1369    16.6992     600   -2000    6.54
     70.5349    21.8014     800   -2000    6.26
     72.2144   336.0375    -800   -1800    7.32
     72.8732   341.5651    -600   -1800    6.73
     73.3592   347.4712    -400   -1800    6.27
     73.6575   353.6598    -200   -1800    4.26
     73.7582     0.0000       0   -1800    5.44
     73.6575     6.3402     200   -1800    5.06
     73.3592    12.5288     400   -1800    6.70
     72.8732    18.4349     600   -1800    6.23
     72.2144    23.9625     800   -1800    5.87
     71.4006    29.0546    1000   -1800    3.82
     70.4504    33.6901    1200   -1800    3.25
     69.3816    37.8750    1400   -1800    3.38
     75.1266   345.9638    -400   -1600    5.79
     75.4602   352.8750    -200   -1600    5.47
     75.5730     0.0000       0   -1600    5.89
     75.4602     7.1250     200   -1600    6.47
     75.1266    14.0362     400   -1600    6.18
     74.5862    20.5560     600   -1600    5.69
     73.8594    26.5651     800   -1600    5.67
     72.9693    32.0054    1000   -1600    3.80
     71.9392    36.8699    1200   -1600    3.21
     70.7907    41.1859    1400   -1600    3.30
     76.8773   344.0546    -400   -1400    5.78
     77.2556   351.8699    -200   -1400    5.66
     77.3843     0.0000       0   -1400    6.85
     77.2556     8.1301     200   -1400    6.00
     76.8773    15.9454     400   -1400    5.21
     76.2694    23.1986     600   -1400    5.29
     75.4602    29.7449     800   -1400    5.33
     74.4804    35.5377    1000   -1400    4.04
     73.3592    40.6013    1200   -1400    3.30
     72.1222    45.0000    1400   -1400    3.33
     70.7907    48.8141    1600   -1400    3.63
     78.6058   341.5651    -400   -1200   15.30
     79.0428   350.5377    -200   -1200   11.06
     79.1923     0.0000       0   -1200    6.03
     79.0428     9.4623     200   -1200    3.86
     77.9121    26.5651     600   -1200    4.94
     77.0022    33.6901     800   -1200    4.73
     75.9170    39.8056    1000   -1200    3.89
     74.6928    45.0000    1200   -1200    3.60
     73.3592    49.3987    1400   -1200    3.57
     70.4504    56.3099    1800   -1200    4.88
     80.8190   348.6901    -200   -1000   10.95
     80.9977     0.0000       0   -1000   12.89
     80.8190    11.3099     200   -1000    5.13
     80.3026    21.8014     400   -1000    4.37
     79.4977    30.9638     600   -1000    4.56
     78.4638    38.6598     800   -1000    4.07
     77.2556    45.0000    1000   -1000    4.15
     75.9170    50.1944    1200   -1000    3.24
     74.4804    54.4623    1400   -1000    3.90
     72.9693    57.9946    1600   -1000    4.88
     71.4006    60.9454    1800   -1000    4.61
     69.7863    63.4349    2000   -1000    3.93
     82.5790   345.9638    -200    -800   16.91
     82.8008     0.0000       0    -800    9.43
     82.5790    14.0362     200    -800    4.79
     81.9497    26.5651     400    -800    3.00
     80.9977    36.8699     600    -800    4.02
     79.8121    45.0000     800    -800    3.89
     78.4638    51.3402    1000    -800    3.28
     77.0022    56.3099    1200    -800    3.81
     73.8594    63.4349    1600    -800    6.79
     72.2144    66.0375    1800    -800    7.70
     84.3100   341.5651    -200    -600   20.76
     84.6022     0.0000       0    -600    5.93
     84.3100    18.4349     200    -600    4.82
     83.5116    33.6901     400    -600    3.47
     82.3635    45.0000     600    -600    4.26
     80.9977    53.1301     800    -600    4.29
     79.4977    59.0362    1000    -600    3.75
     77.9121    63.4349    1200    -600    3.70
     83.5116   303.6901    -600    -400   27.95
     84.9111   315.0000    -400    -400   23.24
     85.9774   333.4349    -200    -400   26.03
     86.4022     0.0000       0    -400    7.45
     85.9774    26.5651     200    -400    6.88
     84.9111    45.0000     400    -400    2.73
     83.5116    56.3099     600    -400    4.15
     81.9497    63.4349     800    -400    5.22
     80.3026    68.1986    1000    -400    3.72
     78.6058    71.5651    1200    -400    4.92
     76.8773    74.0546    1400    -400    5.14
     84.3100   288.4349    -600    -200   25.54
     85.9774   296.5651    -400    -200   24.11
     87.4562   315.0000    -200    -200   19.44
     88.2013     0.0000       0    -200   16.21
     87.4562    45.0000     200    -200   17.86
     85.9774    63.4349     400    -200    1.89
     84.3100    71.5651     600    -200    3.95
     82.5790    75.9638     800    -200    4.78
     79.0428    80.5377    1200    -200    2.87
     80.9977   270.0000   -1000       0   20.32
     82.8008   270.0000    -800       0   23.87
     84.6022   270.0000    -600       0   26.43
     86.4022   270.0000    -400       0   22.68
     88.2013   270.0000    -200       0   11.86
     90.0000     0.0000       0       0   12.70
     88.2013    90.0000     200       0   28.45
     86.4022    90.0000     400       0    5.81
     84.6022    90.0000     600       0    3.82
     82.8008    90.0000     800       0    3.64
     80.9977    90.0000    1000       0    4.64
     79.1923    90.0000    1200       0    4.78
     79.0428   260.5377   -1200     200   20.41
     80.8190   258.6901   -1000     200   20.20
     82.5790   255.9638    -800     200   23.55
     84.3100   251.5651    -600     200   27.93
     85.9774   243.4349    -400     200   28.63
     87.4562   225.0000    -200     200   20.51
     88.2013   180.0000       0     200   18.71
     87.4562   135.0000     200     200   12.51
     85.9774   116.5651     400     200    3.79
     84.3100   108.4349     600     200    3.26
     82.5790   104.0362     800     200    4.46
     80.8190   101.3099    1000     200    8.30
     79.0428    99.4623    1200     200    9.88
     77.2556    98.1301    1400     200   10.20
     78.6058   251.5651   -1200     400   18.05
     80.3026   248.1986   -1000     400   19.00
     81.9497   243.4349    -800     400   21.19
     83.5116   236.3099    -600     400   24.90
     84.9111   225.0000    -400     400   25.49
     85.9774   206.5651    -200     400   18.81
     86.4022   180.0000       0     400   15.60
     85.9774   153.4349     200     400   12.79
     84.9111   135.0000     400     400    8.12
     83.5116   123.6901     600     400    4.62
     81.9497   116.5651     800     400    6.24
     80.3026   111.8014    1000     400   14.40
     78.6058   108.4349    1200     400   14.73
     77.9121   243.4349   -1200     600   15.48
     79.4977   239.0362   -1000     600   15.38
     80.9977   233.1301    -800     600   17.41
     82.3635   225.0000    -600     600   20.99
     83.5116   213.6901    -400     600   26.11
     84.3100   198.4349    -200     600   22.84
     84.6022   180.0000       0     600   19.47
     84.3100   161.5651     200     600   26.88
     83.5116   146.3099     400     600    8.94
     82.3635   135.0000     600     600    5.75
     80.9977   126.8699     800     600    6.20
     79.4977   120.9638    1000     600   11.36
     77.9121   116.5651    1200     600   13.26
     73.8594   243.4349   -1600     800   20.01
     75.4602   240.2551   -1400     800   19.43
     77.0022   236.3099   -1200     800   13.93
     78.4638   231.3402   -1000     800   15.20
     79.8121   225.0000    -800     800   15.92
     80.9977   216.8699    -600     800   17.75
     81.9497   206.5651    -400     800   22.12
     82.5790   194.0362    -200     800   20.47
     82.8008   180.0000       0     800   15.12
     82.5790   165.9638     200     800   13.92
     81.9497   153.4349     400     800   16.83
     80.9977   143.1301     600     800    8.75
     79.8121   135.0000     800     800    5.70
     78.4638   128.6598    1000     800    5.80
     77.0022   123.6901    1200     800    6.51
     68.1349   245.5560   -2200    1000   22.24
     71.4006   240.9454   -1800    1000   22.35
     74.4804   234.4623   -1400    1000   19.07
     75.9170   230.1944   -1200    1000   17.23
     77.2556   225.0000   -1000    1000   17.24
     78.4638   218.6598    -800    1000   17.28
     79.4977   210.9638    -600    1000   19.83
     80.3026   201.8014    -400    1000   19.10
     80.8190   191.3099    -200    1000   21.88
     80.9977   180.0000       0    1000   28.26
     80.8190   168.6901     200    1000   19.52
     80.3026   158.1986     400    1000   20.73
     79.4977   149.0362     600    1000    7.69
     70.4504   236.3099   -1800    1200   22.07
     71.9392   233.1301   -1600    1200   20.88
     73.3592   229.3987   -1400    1200   18.92
     74.6928   225.0000   -1200    1200   17.07
     75.9170   219.8056   -1000    1200   17.60
     77.0022   213.6901    -800    1200   18.93
     77.9121   206.5651    -600    1200   23.89
     78.6058   198.4349    -400    1200   25.10
     79.0428   189.4623    -200    1200   24.07
     79.1923   180.0000       0    1200   26.80
     79.0428   170.5377     200    1200   27.23
     78.6058   161.5651     400    1200   23.84
     72.1222   225.0000   -1400    1400   20.41
     73.3592   220.6013   -1200    1400   16.87
     74.4804   215.5377   -1000    1400   19.10
     75.4602   209.7449    -800    1400   22.30
     76.2694   203.1986    -600    1400   29.70
     76.8773   195.9454    -400    1400   31.18
     77.2556   188.1301    -200    1400   28.48
     77.3843   180.0000       0    1400   28.81
     77.2556   171.8699     200    1400   33.22
     76.8773   164.0546     400    1400   39.71
     70.7907   221.1859   -1400    1600   20.21
     71.9392   216.8699   -1200    1600   18.41
     72.9693   212.0054   -1000    1600   20.10
     73.8594   206.5651    -800    1600   23.31
     74.5862   200.5560    -600    1600   33.37
     75.1266   194.0362    -400    1600   36.91
     75.4602   187.1250    -200    1600   33.28
     75.5730   180.0000       0    1600   30.57
     75.4602   172.8750     200    1600   22.78
     71.4006   209.0546   -1000    1800   17.83
     72.2144   203.9625    -800    1800   21.31
     72.8732   198.4349    -600    1800   25.80
     73.3592   192.5288    -400    1800   30.68
     73.6575   186.3402    -200    1800   31.52
     73.7582   180.0000       0    1800   26.08
